roe-scripts,10,16,13,3
remarker,12,454,340,114
brisky-style,4,615,58,557
vigour-observable,4,605,48,557
vigour-state,5,609,50,559
brisky-focus,8,664,82,582
generator-node-lib,5,1219,366,853
umdlib,3,1470,42,1428
generator-ngbp-module,11,1217,390,827
urdubiometerjs,2,664,107,557
mining-utils,4,401,271,130
brisky-events,6,598,53,545
podcast-search,2,681,1,680
langsheet,7,518,378,140
images-to-variables,7,422,174,248
brisky-props,3,572,58,514
brisky-class,2,615,58,557
null-session-npm,69,0,0,0
prettier-stylelint-temp,14,496,315,181
generator-fullstack-backbone,6,560,403,157
bsv-mnemonic,5,606,104,502
am-node-tape-runner,14,600,422,178
iamtest,14,600,422,178
generator-ng-fullstack,4,438,322,116
gulp4,4,354,219,135
vigour-base,6,22,10,12
inline-react-style,7,0,0,0
generator-bitch,4,505,355,150
node-webplay,5,192,9,183
mkroosevelt,3,487,399,88
svgfilter,2,356,131,225
generator-angular-eggs,9,879,599,280
eslint-config-frost-standard,9,332,97,235
generator-ajsweb,13,475,356,119
relivestyle,11,0,0,0
generator-polymerx,5,504,0,504
generator-nude,3,820,609,211
easywebpack-vue-build-script,5,1434,271,1163
generator-react-webpack-alt,4,1138,492,646
kuzzle-plugin-mqtt,1,405,127,278
open-telecom,10,403,290,113
bot-magic,8,466,347,119
generator-ajsbase,8,471,352,119
webpack-configure,2,382,60,322
npmcheck2slack,4,297,124,173
generator-ajslib,10,474,352,122
lucass,2,466,320,146
mathoid,18,603,368,235
hoodie,24,941,450,491
hoodie-server,14,479,279,200
fastify-axios,3,389,311,78
probot-serverless-openwhisk,9,400,241,159
svgo-compress-image,10,411,0,411
generator-at-angular,10,841,600,241
generator-tman,2,451,324,127
swagger2aglio,7,363,185,178
generator-cartridge-lib-module,7,775,254,521
mqtter,7,420,137,283
generator-mboy-deploy,4,1519,596,923
gemini-optipng,6,305,31,274
brisky,10,443,91,352
eslint-plugin-ocd,8,328,69,259
markdown-resume,14,648,362,286
rosid-handler-components,9,69,47,22
connect-phonegap,16,253,150,103
generator-backbone,6,1486,417,1069
gulp-watchify-browserify,8,370,247,123
easywebpack-js,2,1523,242,1281
tagd,13,277,33,244
testarmada-magellan-seleniumgrid-executor,7,365,149,216
res-react-asset-boilerplate,7,476,281,195
alex-vscode,3,261,84,177
happner-tests,4,308,134,174
generator-yag-git,3,629,464,165
generator-new-node-module,8,1013,626,387
mu-jquery-app>11.0.0>mu-jquery-widget>standard-version,14,189,108,81
qa-control-server,13,545,168,377
david,9,463,201,262
seespee,7,387,151,236
lastcall-gulp-drupal-tasks,10,457,288,169
aliv,11,359,154,205
elephas,21,173,23,150
rosid-handler-js,7,330,232,98
apc-build,26,1252,0,1252
generator-ibm-usecase-enablement,11,379,325,54
screwdriver-api,62,828,407,421
jscodeshift-build-import-list,8,341,69,272
reduce-css,18,428,268,160
lad,14,568,391,177
sao-wm,8,846,0,846
twilio-cli,16,308,167,141
airtap,31,457,337,120
webpack-dev-server-fork,17,500,306,194
