axios,3,3.1,6,9
node-fs-extra,0,3,2,5
express,0,31,66,97
ts-node,0,12,3,15
qs,0,1,9,10
readable-stream,0,4,3,7
resolve,0,3,2,5
http-proxy-middleware,0,6,11,17
node-deep-equal,0,17,74,91
meow,26,12,132,144
eslint-plugin-node,0,7,162,169
cors,0,2,0,2
got,0,11,13,24
buffer,0,2,0,2
jsdom,0,26,1,27
ava,0,45,136,181
svgo,0,6,18,24
execa,0,9,7,16
compression,0,7,5,12
ioredis,0,9,2,11
express-validator,0,2,0,2
morgan,0,5,3,8
on-finished,0,1,0,1
prompts,0,2,0,2
node-util,0,5,23,28
anymatch,0,2,0,2
node-notifier,0,6,4,10
globby,0,5,19,24
accepts,0,2,1,3
finalhandler,0,7,2,9
node-xml2js,0,2,0,2
np,0,39,455,494
session,0,8,2,10
engine.io,0,10,9,19
node-chromedriver,0,7,31,38
find-cache-dir,0,2,6,8
mysql,0,4,8,12
node-gyp,0,10,130,140
file-type,0,3,9,12
xo,0,36,702,738
cookie-parser,0,2,0,2
pm2,0,29,217,246
gulp-mocha,0,6,126,132
fastify,0,15,55,70
gulp-autoprefixer,0,6,38,44
shelljs,1,4,37,41
node-archiver,0,7,64,71
run-parallel,0,1,0,1
is-glob,0,1,0,1
eslint-plugin-unicorn,0,16,174,190
pg-promise,0,4,16,20
braces,0,1,2,3
gulp-imagemin,0,7,424,431
imagemin,0,7,37,44
cookie-session,0,4,4,8
jest-junit,0,4,1,5
serve-index,0,7,9,16
lowdb,0,1,0,1
object.omit,0,1,2,3
randomatic,0,3,0,3
multiparty,0,3,6,9
ow,0,5,1,6
bookshelf,0,4,0,4
bitcoinjs-lib,0,8,28,36
graphql-request,0,4,0,4
leveldown,0,3,9,12
enquirer,0,1,0,1
string_decoder,0,1,0,1
cloudinary_npm,0,4,88,92
couchdb-nano,0,6,30,36
get-value,0,1,0,1
content-disposition,0,1,0,1
nodejs-firestore,0,4,185,189
node-emoji,0,1,0,1
errorhandler,0,2,3,5
send,0,13,7,20
sharp,0,8,52,60
pino,0,11,11,22
nightwatch,0,33,360,393
node-cache-manager,0,2,0,2
slugify,0,2,1,3
eslint-formatter-pretty,0,8,17,25
docsify-cli,0,17,252,269
node-mssql,0,6,265,271
serve-favicon,0,5,0,5
eslint-config-standard-with-typescript,0,2,350,352
signale,0,3,21,24
prom-client,0,1,1,2
engine.io-client,0,5,4,9
cson,0,4,5,9
object.pick,0,1,0,1
global-modules,0,1,4,5
decompress,0,8,48,56
mquery,0,1,1,2
sockjs-node,0,3,5,8
to-regex,0,4,14,18
dockerode,0,3,35,38
gray-matter,0,4,6,10
basic-auth,0,1,0,1
gulp-changed,0,5,22,27
pkg,0,14,153,167
amqplib,0,4,10,14
node-js2xmlparser,0,1,0,1
node-cache,0,1,0,1
cacheable-request,0,7,2,9
elasticsearch-js,0,2,9,11
node-rest-client,0,3,3,6
write,0,1,1,2
remarkable,0,2,2,4
method-override,0,4,1,5
firebase-admin-node,0,8,290,298
hapi,0,18,62,80
eslint-plugin-ava,0,8,124,132
download,0,11,119,130
express-fileupload,0,1,1,2
base,0,5,43,48
memdown,0,5,9,14
terminal-link,0,2,4,6
cli-progress,0,1,4,5
snazzy,0,7,15,22
eslint-config-xo,0,1,0,1
simple-get,0,3,2,5
gulp-strip-debug,0,4,98,102
tedious,0,12,233,245
phin,0,1,0,1
yo,0,31,1007,1038
nanomatch,0,11,61,72
Caporal.js,0,13,131,144
to-regex-range,0,1,0,1
email-templates,0,8,272,280
markdown-toc,0,12,57,69
nodegit,0,9,235,244
swagger,0,5,17,22
cordova-android,0,11,89,100
proxy-addr,0,2,0,2
extglob,0,8,64,72
expand-brackets,0,4,66,70
gulp-filter,0,4,29,33
sitemap.js,0,4,1,5
grunt-eslint,0,2,122,124
typeorm,0,1,0,1
gulp-zip,0,5,34,39
node-promptly,0,1,1,2
define-property,0,2,5,7
clone-deep,0,3,2,5
cache-base,0,8,28,36
compressible,0,1,0,1
nearley,0,4,0,4
electron-prebuilt,0,3,140,143
eslint-config-xo-space,0,1,125,126
level,0,2,21,23
lite-server,0,5,314,319
chrome-remote-interface,0,2,2,4
cordova-node-xcode,0,2,7,9
undici,0,1,1,2
gulp-size,0,8,27,35
gulp-ruby-sass,0,15,62,77
node-klaw-sync,0,1,0,1
snapdragon,0,11,35,46
node-core-test,0,2,75,77
cli-table3,0,1,5,6
tracer,0,4,0,4
pascalcase,0,1,0,1
levelup,0,6,17,23
node-mocks-http,0,10,0,10
cookies,0,2,1,3
oclif,0,18,911,929
hexo,0,24,153,177
is-absolute,0,2,2,4
cat-names,0,2,67,69
full-icu-npm,0,1,3,4
node-loader,0,1,3,4
default-require-extensions,0,1,0,1
alfy,0,12,326,338
schematics,0,5,77,82
moleculer,0,10,28,38
cordova-cli,0,13,726,739
airtap,0,31,825,856
gulp-debug,0,6,25,31
node-rsa,0,1,1,2
response-time,0,2,0,2
nodejs-sdk,0,11,143,154
cls-hooked,0,2,2,4
agenda,0,6,24,30
express-status-monitor,0,6,40,46
primus,0,10,28,38
for-own,0,1,0,1
dir-glob,0,1,0,1
imagemin-gifsicle,0,3,275,278
into-stream,0,2,10,12
gulp-template,0,3,16,19
clone-response,0,1,0,1
couchnode,0,4,172,176
handlebars-helpers,0,28,355,383
ms-rest-js,0,9,18,27
jwt,0,2,13,15
nest-cli,0,22,391,413
node-crawler,0,7,100,107
brain.js,0,1,0,1
cordova-ios,0,11,101,112
deep-assign,0,1,0,1
standard-engine,0,4,15,19
is-online,0,4,37,41
align-text,0,3,0,3
nodejs-vision,0,3,185,188
gaxios,0,4,8,12
node-fast-html-parser,0,2,13,15
abort-controller,0,1,0,1
node-csvtojson,0,3,1,4
snapdragon-util,0,1,0,1
router,0,7,1,8
art-template,0,8,29,37
nodejs-pubsub,0,16,188,204
default-gateway,0,1,16,17
javascript-obfuscator,0,23,0,23
env-cmd,0,2,5,7
gulp-gh-pages,0,7,129,136
webtorrent,0,44,198,242
mongoosastic,0,3,33,36
abstract-leveldown,0,6,3,9
farmhash,0,2,46,48
trash,0,8,56,64
expand-range,0,2,9,11
isomorphic-git,0,11,14,25
peerjs-server,0,4,123,127
projectz,0,9,11,20
string-to-stream,0,1,4,5
limax,0,3,15,18
istextorbinary,0,2,0,2
uid-safe,0,1,0,1
regex-not,0,2,5,7
watchr,0,6,17,23
socketcluster,0,4,61,65
node-website-scraper,0,9,67,76
node-hid,0,3,47,50
codeceptjs,0,36,0,36
feed,0,1,1,2
assemble,0,18,1480,1498
node-telegram-bot-api,0,9,204,213
envalid,0,1,0,1
cson-parser,0,1,0,1
ansi-escape-sequences,0,1,0,1
gulp-jasmine,0,5,37,42
expand-tilde,0,1,1,2
rethinkdbdash,0,1,0,1
get-folder-size,0,1,0,1
opentype.js,0,2,0,2
chalk-animation,0,3,75,78
relateurl,0,5,177,182
zx,1,13,48,61
nodejs-speech,0,6,211,217
global-prefix,0,3,1,4
jest-sonar-reporter,0,1,0,1
is-equal-shallow,0,1,0,1
tmi.js,0,1,2,3
simple-peer,0,7,0,7
parse-torrent,0,6,8,14
favicon,0,5,0,5
gluegun,0,30,0,30
csrf,0,3,1,4
caw,0,4,9,13
parse-filepath,0,3,5,8
node-sha3,0,1,2,3
ssh2-sftp-client,0,3,18,21
node-proper-lockfile,0,3,0,3
yaspeller,0,16,20,36
connect-session-sequelize,0,1,0,1
pretty,0,2,28,30
labeled-stream-splicer,0,2,10,12
node-redis-parser,0,1,0,1
cmake-js,0,13,71,84
npm-conf,0,2,2,4
babel-preset-stage-4,0,5,132,137
aigle,0,1,0,1
firefox-profile-js,0,5,8,13
node-windows,0,2,19,21
npm-run,0,4,6,10
object.defaults,0,4,1,5
play-sound,0,1,0,1
editions,0,1,1,2
node-bluetooth-serial-port,0,3,2,5
tus-js-client,0,7,13,20
awilix,0,2,25,27
copy,0,14,106,120
strong-error-handler,0,7,75,82
nexe,0,14,255,269
bittorrent-dht,0,8,16,24
node-consul,0,1,0,1
node-argon2,0,3,71,74
dropbox-sdk-js,0,1,0,1
solana-web3.js,0,16,58,74
rxdb,0,35,403,438
eslint-plugin-n,0,8,135,143
taskgroup,0,4,7,11
terraformer-wkt-parser,0,1,2,3
codec,0,1,2,3
merge-deep,0,3,15,18
encoding-down,0,4,10,14
gulp-chmod,0,3,8,11
grunt-filerev,0,3,7,10
has-symbol-support-x,0,2,12,14
safefs,0,1,0,1
ky-universal,0,2,8,10
timeout,0,4,5,9
create-torrent,0,11,1,12
purest,0,5,31,36
connect-session-knex,0,2,21,23
fancy-test,0,8,9,17
node-resque,0,1,11,12
config,0,4,0,4
node-ytpl,0,1,0,1
dynamoose,0,1,0,1
gulp-markdown,0,4,15,19
rpc-websockets,0,4,7,11
stream-splicer,0,2,8,10
node-ecdsa-sig-formatter,0,1,0,1
cordova-js,0,3,47,50
eslint-plugin-require-path-exists,0,3,20,23
rewiremock,0,8,153,161
penthouse,0,5,50,55
node-google-spreadsheet,0,3,38,41
node-rdkafka,0,2,1,3
Shopify-api-node,0,4,46,50
loopback-connector-mysql,0,6,83,89
delete-empty,0,4,13,17
node-gcm,0,3,61,64
phantomjs-node,0,3,133,136
deglob,0,6,16,22
array-sort,0,3,1,4
resolve-dir,0,2,13,15
speakeasy,0,1,0,1
renamer,0,12,42,54
getmac,0,1,0,1
erlpack,0,2,1,3
multistream,0,2,5,7
mineflayer,0,17,123,140
arangojs,0,5,24,29
parse-git-config,0,2,0,2
cordova-common,0,17,55,72
pm2-io-apm,0,10,0,10
human-interval,0,1,0,1
express-mysql-session,0,4,23,27
url-regex,0,2,0,2
wintersmith,0,18,1057,1075
cqrs,0,1,0,1
nodejs-bigquery,0,12,76,88
is-cidr,229,1,184,185
gradient-string,0,2,7,9
node-jira-client,0,2,65,67
swagger-cli,0,4,51,55
webdav-client,0,13,13,26
gpu.js,0,5,0,5
loopback-connector-mongodb,0,6,97,103
docker-modem,0,4,13,17
hygen,0,14,115,129
aedes,0,12,33,45
apostrophe,0,88,1031,1119
global-agent,0,8,28,36
gulp-nunjucks,0,4,37,41
inversify-express-utils,0,3,87,90
claudia,0,13,150,163
babel-preset-transform-test-files,0,2,53,55
broken-link-checker,0,33,285,318
csv-stream,0,1,10,11
http-timer,0,1,0,1
rollup-plugin-preserve-shebang,0,1,1,2
strong-soap,0,12,135,147
symlink-dir,0,2,22,24
light-my-request,0,3,0,3
nodejs-error-reporting,0,2,65,67
junit-report-builder,0,4,1,5
metalsmith-layouts,0,4,5,9
changelog-maker,0,16,657,673
node-hue-api,0,4,41,45
apm-agent-nodejs,0,34,194,228
pdfjs,0,6,9,15
pmx,0,5,19,24
actionhero,0,17,126,143
jest-mongodb,0,2,166,168
node-neo4j,0,2,60,62
output-file-sync,0,3,1,4
discord.io,0,3,2,5
cote,0,9,72,81
appmetrics,0,6,325,331
cli-columns,0,2,4,6
slack,0,1,0,1
socks5-client,0,1,3,4
is-reachable,0,8,45,53
browser-run,0,12,235,247
dugite,0,2,10,12
season,0,3,41,44
jsdoc-api,0,9,51,60
npm-package-json-lint,0,17,126,143
binding-mock,0,2,1,3
pg-monitor,0,1,33,34
docx,0,5,0,5
gulp-ava,0,7,628,635
gulp-vulcanize,0,4,65,69
js-xlsx,0,7,15,22
express-openapi-validator,0,14,51,65
loopback-connector-postgresql,0,8,99,107
cordova-lib,0,16,515,531
terminal-image,0,5,391,396
openwhisk-client-js,0,2,6,8
prettier-check,0,1,15,16
term-img,0,2,22,24
is-valid-domain,0,1,0,1
youtube-node,0,3,94,97
cidr-regex,0,1,0,1
evt,0,3,1,4
node-libcurl,0,7,0,7
swagger-express-middleware,0,11,88,99
nodejs-logging-bunyan,0,2,242,244
eris,0,1,4,5
nodejs-logging-winston,0,4,248,252
admin-bro,0,40,977,1017
opencv4nodejs,0,4,1,5
run-parallel-limit,0,1,0,1
right-align,0,1,4,5
threads.js,1,4,1853,1857
unzip-stream,0,2,4,6
node-sonos,0,4,4,8
packager,0,2,30,32
magnet-uri,28,2,71,73
pigpio,0,2,1,3
facebook-node-sdk,0,5,13,18
express-ntlm,0,2,0,2
ascii-progress,0,3,4,7
fs-mkdirp-stream,0,2,2,4
mixpanel-node,0,1,5,6
restana,0,1,4,5
react-simple-maps,0,4,0,4
node-sql-parser,0,1,0,1
node-redlock,0,1,0,1
node-casbin,0,4,1,5
command-line-commands,0,1,0,1
broccoli-clean-css,0,3,92,95
generator-license,0,1,532,533
gulp-html-replace,0,6,14,20
koa-websocket,0,4,3,7
micro-router,0,1,0,1
ndb,0,10,160,170
node-modbus,0,2,0,2
node-print-message,0,1,0,1
subleveldown,0,6,29,35
tiny-worker,0,1,0,1
node-sodium,0,1,0,1
node-jwk-to-pem,0,3,16,19
node-git-describe,0,2,1,3
nodejs-datastore,0,8,191,199
node-sparkpost,0,2,55,57
slonik,0,20,0,20
HummusJS,0,1,83,84
line-bot-sdk-nodejs,0,6,61,67
js-beautify,0,4,19,23
shellcheck,0,4,102,106
tty-table,0,7,105,112
pal-nodejs,0,2,77,79
bundlewatch,0,10,61,71
winston-logzio,0,8,46,54
omit-deep-lodash,0,1,0,1
simplifyify,0,13,882,895
sloc,0,4,213,217
assign-deep,0,1,0,1
extract-opts,0,2,-1,1
haikunatorjs,0,3,1,4
i2c-bus,0,2,1,3
nodejs-system-sleep,0,1,4,5
textract,0,14,150,164
eslint-plugin-xo,0,16,174,190
ink-link,0,2,10,12
opentok-node,0,4,75,79
maildev,0,15,215,230
piscina,0,3,6,9
cordova-serve,0,5,114,119
q-i,0,3,6,9
next-update,0,23,359,382
ntl,0,5,156,161
to-ico,0,5,111,116
nlm,0,8,153,161
deferred-leveldown,0,2,9,11
gift,0,2,0,2
MathJax-node,0,4,127,131
extract-comments,0,2,1,3
find-pkg,0,1,14,15
verb-generate-readme,0,30,1047,1077
prebuildify,0,7,27,34
esbuild-runner,0,2,2,4
manifesto,0,4,2,6
urlpattern-polyfill,0,1,3,4
iota.lib.js,0,1,8,9
nativefier,0,12,318,330
node-whois,0,3,32,35
i18next-http-backend,0,1,5,6
aerospike-client-nodejs,0,5,162,167
unimported,0,15,261,276
aliyun-sdk-js,0,5,19,24
mailjet-apiv3-nodejs,0,3,8,11
mediasoup-client,0,10,6,16
functions-framework-nodejs,0,8,238,246
sodium-universal,0,9,22,31
cordova-fetch,0,8,326,334
ms-rest-azure-js,0,3,27,30
node-sdk,0,7,9,16
node-clinic,0,20,1062,1082
proxy-lists,0,7,159,166
nbind,0,3,1,4
neodoc,0,1,0,1
node-7z,0,8,1,9
optional-require,0,1,0,1
mem,0,2,35,37
kubernetes-client,0,13,160,173
rsmq,0,2,5,7
Approvals.NodeJS,0,17,729,746
git-parse,0,2,131,133
syncpack,0,10,41,51
etcd3,0,4,92,96
string-pixel-width,0,1,0,1
mediasoup,0,4,2,6
tencentcloud-sdk-nodejs,0,6,13,19
get-it,0,12,20,32
oembed-parser,0,1,5,6
dd-trace-js,0,27,29,56
ink-big-text,0,2,21,23
webpack-cdn-plugin,0,1,62,63
tld.js,0,1,0,1
postcss-color-gray,0,2,7,9
Ouch,0,4,16,20
gulp-traceur,0,4,40,44
console.table,0,1,0,1
cp-cli,0,2,59,61
node-vault,0,5,67,72
numjs,0,9,186,195
node-regedit,0,4,7,11
scribbletune,0,2,0,2
image-js,0,25,62,87
node-tree-sitter,0,2,73,75
log-process-errors,0,4,3,7
lmdb-js,0,5,14,19
nodejs-logging,0,15,220,235
gcloud-node,0,4,17,21
async-redis,0,1,5,6
babel-extract-comments,0,1,0,1
node-gcstats,0,2,79,81
gulp-hb,0,7,64,71
iterator-stream,0,2,4,6
node-inotify,0,2,0,2
websocket-as-promised,0,4,109,113
knifecycle,0,2,1,3
yurnalist,0,5,0,5
node-jq,0,6,145,151
node-sp-auth,0,15,224,239
dotenv-flow,0,1,0,1
iohook,0,4,0,4
razorpay-node,0,3,68,71
merkletreejs,0,5,104,109
tuyapi,0,4,6,10
hostile,0,5,7,12
node-crc32-stream,0,2,6,8
Node-Media-Server,0,8,90,98
searchkit,0,1,6,7
cordova-create,0,11,347,358
git-branch,0,1,224,225
hads,0,22,1652,1674
git-username,0,2,10,12
json-file-store,0,4,0,4
iplocation,0,3,10,13
mongolass,0,8,40,48
buttercms-js,0,1,1,2
compress-images,0,15,851,866
arraybuffer-loader,0,1,4,5
assertive,0,1,0,1
download-cli,0,2,164,166
express-cassandra,0,14,220,234
express-vue,0,8,1703,1711
webpack-hot-server-middleware,0,3,2,5
link-preview-js,0,4,42,46
google-play-scraper,0,5,102,107
mime-types,0,1,0,1
sofa-rpc-node,0,17,167,184
noflo-nodejs,0,15,0,15
metapak,0,14,27,41
vscode-extension-telemetry,0,4,95,99
canvas-constructor,0,1,0,1
strapi-generate-admin,0,2,20,22
bs-logger,0,1,0,1
ext-list,0,1,0,1
node-base64-image,0,1,1,2
counterpart,0,5,0,5
templates,0,33,469,502
we-core,0,22,0,22
sway,0,12,89,101
speed-test,0,7,138,145
typogr.js,0,4,13,17
gulp-tape,0,6,569,575
gulp-xo,0,5,1355,1360
log-utils,0,2,0,2
trello,0,3,5,8
jsdomify,0,1,115,116
node-mysql-utilities,0,1,12,13
socket.io-msgpack-parser,0,2,0,2
rocksdb,0,3,9,12
tspath,0,7,267,274
flightplan,0,12,0,12
fluid-grunt-eslint,0,2,174,176
elastic-builder,0,8,0,8
learnyounode,0,14,223,237
test-each,0,5,7,12
whistle,0,31,152,183
esbuild-node-tsc,0,1,19,20
nodejs-file-downloader,0,4,7,11
article-parser,0,6,36,42
oci-typescript-sdk,0,120,912,1032
data-forge-ts,0,7,4,11
inquirer-datepicker-prompt,0,7,35,42
redrun,0,15,1249,1264
locus,0,12,95,107
nedb-promise,0,2,0,2
eureka-js-client,0,4,64,68
cloudcmd,0,60,1738,1798
webtorrent-hybrid,0,4,0,4
meilisearch-js,0,1,0,1
node-acme-client,0,4,8,12
npm-publish,0,4,16,20
grunt-markdownlint,0,1,7,8
fabrix,0,2,1,3
electron-reloader,0,5,28,33
actions-toolkit,0,9,84,93
standard-json,0,1,8,9
s3-website,0,16,88,104
caching-transform,0,4,13,17
node-strip-dirs,0,2,1,3
telebot,0,1,60,61
node-plex-api,0,5,76,81
node-m3u8stream,0,2,0,2
docker-compose,0,1,0,1
eachr,0,1,0,1
handbrake-js,0,7,78,85
express-xml-bodyparser,0,1,2,3
loading-cli,0,1,0,1
ggit,0,21,0,21
node-bitly,0,2,1,3
aperture-node,0,6,74,80
alexa-app,0,5,30,35
node-report,0,1,0,1
jsmediatags,0,1,0,1
gulp-bom,0,2,9,11
image-downloader,0,1,0,1
join-monster,0,6,0,6
svgdom,0,3,168,171
bittorrent-protocol,0,9,7,16
axios-logger,0,2,5,7
ut_metadata,0,4,2,6
svg2pdf.js,0,4,-2,2
impress,0,7,9,16
pokedex-promise-v2,0,3,6,9
party,0,3,64,67
openapi-backend,0,9,26,35
faux-jax,0,5,0,5
inquirer-checkbox-plus-prompt,0,4,63,67
mercurius,0,16,82,98
binance,0,4,4,8
serverless-bundle,0,47,2903,2950
concat-iterator,0,1,0,1
coin-hive-stratum,0,10,29,39
ambi,0,1,0,1
array-last,0,1,0,1
attempt-x,0,2,9,11
chrome-net,0,1,0,1
gulp-tar,0,4,108,112
has-to-string-tag-x,0,2,14,16
express-stormpath,0,23,484,507
git-branch-is,0,1,0,1
level-test,0,7,98,105
level-ttl,0,3,0,3
nohm,0,6,17,23
napajs,0,3,158,161
rails-erb-loader,0,2,3,5
node-ul,0,2,3,5
simple-websocket,0,5,8,13
chrome-dgram,0,2,0,2
rss-to-json,0,2,8,10
leakage,0,4,0,4
finished,0,1,0,1
fast-cli,0,8,322,330
particle-api-js,0,5,35,40
registry-js,0,2,77,79
opus,0,2,72,74
capture-website,0,5,126,131
gulp-remote-src,0,5,93,98
npm-gui,0,2,9,11
listr2,0,8,0,8
node-lambda-log,0,1,0,1
swagger-typescript-api,0,14,95,109
thelounge,0,27,534,561
jest-dynamodb,0,6,334,340
Haraka,0,25,520,545
payload,0,109,0,109
lighthouse-ci,0,7,300,307
ink-box,0,2,47,49
graphql-cost-analysis,0,1,0,1
filer,0,3,16,19
adaro,0,8,299,307
bal-util,0,10,24,34
defaults-deep,0,3,1,4
poloniex.js,0,2,56,58
querymen,0,2,1,3
raml-js-parser,0,7,39,46
replace-x,0,6,170,176
section-tests,0,3,1,4
passwordless,0,1,2,3
webtorrent-cli,0,17,449,466
fhir-kit-client,0,7,14,21
node-resolve,0,3,2,5
throttler,0,1,3,4
patchwork,0,84,1777,1861
google-translate,0,1,2,3
matrix-appservice-bridge,0,21,333,354
facebook-nodejs-business-sdk,0,6,68,74
lightship,0,5,132,137
node-detective-postcss,0,3,7,10
body-parser,0,12,25,37
node-webcam,0,1,1,2
rosnodejs,0,9,30,39
cls-rtracer,0,1,0,1
html-pdf-chrome,0,3,13,16
atdatabases,0,14,42,56
Ghost-CLI,0,47,609,656
eth-provider,330,6,640,646
pg-boss,0,7,21,28
functions,0,1,0,1
socket.io,0,6,23,29
ynab-sdk-js,0,1,5,6
bun,0,10,270,280
buttercup-core,0,21,343,364
clients,3,51,366,417
https-localhost,0,6,0,6
siroc,0,23,165,188
Snoostorm,0,1,77,78
spoof,0,6,5,11
cc,0,3,37,40
cordova-osx,0,7,82,89
caterpillar,0,3,3,6
csrf-tokens,0,3,1,4
matrix,0,13,32,45
easy-zip,0,1,0,1
find-file-up,0,1,13,14
gh,0,27,350,377
git-pull-or-clone,0,2,6,8
git-pre-commit,0,11,372,383
hepburn,0,1,0,1
gulp-webp,0,3,329,332
hapijs-status-monitor,0,2,28,30
ipt,0,11,98,109
esprima-extract-comments,0,1,0,1
wallet-address-validator,0,2,1,3
image-min,0,7,37,44
atom-shell,0,3,140,143
exiftool-vendored.js,0,5,2,7
samlify,0,10,7,17
nodejs-dns,0,7,67,74
socketcluster-server,0,11,35,46
camunda-external-task-client-js,0,2,24,26
bpmn-engine,0,6,11,17
cosmicjs-node,0,4,6,10
file-icon,0,1,4,5
cep-promise,0,2,4,6
nadesiko3,0,8,25,33
markdownlint-cli2,0,6,38,44
mojo.js,0,14,25,39
Reports.JS,0,5,328,333
nodegui,0,11,160,171
ldapts,0,7,3,10
umbrella,0,1,295,296
image-to-base64,0,1,0,1
native-url,0,1,0,1
spinnies,0,3,11,14
trace-nodejs,0,21,188,209
bodymen,0,2,1,3
nodejs-fs-utils,0,1,0,1
windows-build-tools,0,6,0,6
yaml-validator,0,3,11,14
startserver,0,11,80,91
recaptcha2,0,1,60,61
terraformer-arcgis-parser,0,2,0,2
chinese-random-name,0,2,0,2
to-object-x,0,2,2,4
east,0,8,5,13
huejay,0,3,4,7
json-api-serializer,0,1,0,1
node-generate-release,0,9,60,69
gists,0,1,24,25
node-glob-gitignore,0,5,12,17
node-grizzly,0,6,42,48
gitbook-summary,0,11,178,189
node-gry,0,4,12,16
feedparser-promised,0,4,84,88
node-eventstore,0,8,3,11
volkswagen,0,3,2,5
nodejs-bigtable,0,16,199,215
tldr-node-client,0,11,734,745
mysql-import,0,1,14,15
obs-websocket-js,0,7,4,11
xo-init,0,5,71,76
wechat-jssdk,0,6,75,81
trakt.tv,0,1,36,37
http2-wrapper,0,2,0,2
ut_pex,0,3,3,6
oicq,0,5,31,36
coinstac,0,1,22,23
swagger-stats,0,9,43,52
server-timing,0,2,0,2
typescript-node,0,12,3,15
quagga2,0,6,80,86
envkey,3,30,448,478
libRmath.js,0,1,1,2
adminjs,0,40,977,1017
gramjs,0,14,43,57
rax-app,0,2,36,38
zip-it-and-ship-it,0,31,351,382
veza,0,1,0,1
detect-character-encoding,0,2,0,2
multileveldown,0,9,41,50
electron-better-ipc,0,1,1,2
delay-cli,0,1,66,67
openrecord,0,5,459,464
node-cache-manager-redis,0,3,23,26
connectivity,0,1,1,2
akismet-js,0,1,60,61
solidarity,0,8,0,8
statsd,0,1,9,10
scandirectory,0,2,1,3
node-tenpay,0,2,142,144
oas3-chow-chow,0,5,0,5
bash-match,0,4,8,12
mediasource,0,3,4,7
grunt-php,0,1,31,32
fetch-plus,0,3,5,8
node-rfc,0,3,50,53
on-socket-error,0,1,0,1
comedy,0,15,22,37
node-git-server,0,1,0,1
memoryjs,0,3,230,233
modclean,0,11,150,161
madrun,0,12,1017,1029
memlab,0,10,339,349
awesome-lint,0,76,486,562
parser-js,0,9,21,30
nodejs-spanner,0,27,247,274
coin-hive,0,7,227,234
torrent-discovery,0,5,90,95
bigint-buffer,0,1,0,1
node-ottoman,0,4,199,203
pact-node,0,14,89,103
vtils,1,21,85,106
web3-token,0,6,92,98
electrode-native,0,3,878,881
react-native-udp,0,2,2,4
nestjs-i18n,0,6,20,26
node-sdk-core,0,21,112,133
webcrypto,0,5,19,24
appmetrics-dash,0,4,1,5
avrgirl-arduino,0,12,107,119
cwd,0,2,14,16
gifify,0,6,3,9
gulp-esformatter,0,3,118,121
gulp-myth,0,4,133,137
nei-toolkit,0,18,511,529
node-is-git-repository,0,2,25,27
node-jsonrpc2,0,6,6,12
generator-express,0,4,462,466
electrode-confippet,0,3,3,6
node-dht-sensor,0,1,0,1
core_d.js,0,1,1,2
wolkenkit,0,68,0,68
zoroaster,0,3,0,3
gofer,0,4,1,5
node-lintspaces,0,4,12,16
cli-kit,0,10,18,28
nve,0,12,301,313
nestjs-plus,0,6,245,251
easy-soap-request,0,1,8,9
iota.js,0,1,8,9
unfurl,0,5,19,24
node-ical,0,4,11,15
load-ip-set,0,5,7,12
binary-mirror-config,0,3,49,52
gulp-execa,0,10,62,72
iron-session,0,7,128,135
tarant,0,1,0,1
nbb,0,1,0,1
dev-tasks,0,29,2500,2529
sdk-javascript,0,2,2,4
nodejs-dashboard,0,11,155,166
mapbox-gl-native,0,4,248,252
role-acl,0,5,1,6
QCObjects,0,1,16,17
simple-methodize-x,0,2,9,11
default-compare,0,1,0,1
liftr-tscov,0,6,14,20
valid-directory,0,2,1,3
wunderbar,0,5,214,219
dat-registry-client,0,2,77,79
azure-xplat-cli,0,82,556,638
demeteorizer,0,5,11,16
html-metadata,0,4,125,129
node-ipinfo,0,1,14,15
zosconnect-node,0,5,586,591
winston-logsene,0,4,117,121
node-hcat,0,3,5,8
gstore-node,0,12,0,12
omit-deep,0,2,7,9
level-rocksdb,0,2,33,35
lcd,0,2,6,8
ha-store,0,1,0,1
artTemplate,0,8,29,37
node-os-monitor,0,2,8,10
node-ble,0,1,150,151
oas-tools,0,8,163,171
string2compact,0,2,0,2
cachios,0,3,8,11
metaschema,0,2,0,2
node-quickbase,0,4,13,17
gn-api-sdk-node,0,2,10,12
extra-promise,0,14,130,144
swagger-markdown,0,5,27,32
nest,0,17,202,219
diagnostics,0,4,10,14
json-schema-ref-parser,0,4,1,5
swagger-parser,2,7,13,20
forge-js,0,1,376,377
wp-calypso,0,71,76,147
aws-lambda-powertools-typescript,0,1,7,8
azure-sdk-for-node,0,7,98,105
markdownlint,0,1,6,7
patch-package,0,14,43,57
egg,0,41,0,41
fonoster,0,2,1,3
freesewing,0,12,83,95
nestjs,0,6,245,251
google-api-nodejs-client,0,2,63,65
nodejs-storage,0,17,63,80
google-maps-services-js,0,5,18,23
postgraphile,0,27,129,156
i18next,0,1,1,2
version-bump-prompt,0,8,75,83
keystone,0,25,69,94
joplin,0,4,19,23
lskjs,0,10,2882,2892
marble,0,2,102,104
medusa,0,8,41,49
mocha,0,21,69,90
node-mongodb-native,0,3,16,19
detect-port,0,2,1,3
node-opcua,0,68,2560,2628
nx,0,42,-2,40
zipkin-js,0,2,24,26
patternlab-node,3,11,4178,4189
octicons,0,18,1533,1551
node-redis,0,6,10,16
rollbar.js,0,7,4,11
connect,0,4,9,13
eslint-config,0,6,171,177
grant,0,3,42,45
spike,0,6,1242,1248
